[header]
width=64
height=32
tilewidth=21
tileheight=21
orientation=orthogonal

[tilesets]
tileset=../../../../../OneDrive/Documents/Junior_Year/CS3113/CS3113-master/assets/graphics/Platformer assets pixel (900 assets)/spritesheet_rgba.png,21,21,0,0

[layer]
type=BG
data=
820,820,820,820,820,820,820,820,820,820,820,820,820,820,820,820,820,820,820,820,820,820,820,820,820,820,820,820,820,820,820,820,820,820,820,820,820,820,820,820,820,820,820,820,820,820,820,820,820,820,820,820,820,820,820,820,820,820,820,820,820,820,820,820,
820,820,820,820,820,820,820,820,820,820,820,820,820,820,820,820,820,820,820,820,820,820,820,820,820,820,820,820,820,820,820,820,820,820,820,820,820,820,820,820,820,820,820,820,820,820,820,820,820,820,820,820,820,820,820,820,820,820,820,820,820,820,820,820,
820,820,820,820,820,820,820,820,820,820,820,820,820,820,820,820,820,820,820,820,820,820,820,820,820,820,820,820,820,820,820,820,820,820,820,820,820,820,820,820,820,820,820,820,820,820,820,820,820,820,820,820,820,820,820,820,820,820,820,820,820,820,820,820,
820,820,820,820,820,820,820,820,820,820,820,820,820,820,820,820,820,820,820,820,820,820,820,820,820,820,820,820,820,820,820,820,820,820,820,820,820,820,820,820,820,820,820,820,820,820,820,820,820,820,820,820,820,820,820,820,820,820,820,820,820,820,820,820,
820,820,820,820,820,820,820,820,820,820,820,820,820,820,820,820,820,820,820,820,820,820,820,820,820,820,820,820,820,820,820,820,820,820,820,820,820,820,820,820,820,820,820,820,820,820,820,820,820,820,820,820,820,820,820,820,820,820,820,820,820,820,820,820,
820,820,820,820,820,820,820,820,820,820,820,820,820,820,820,820,820,820,820,820,820,820,820,820,820,820,820,820,820,820,820,820,820,820,820,820,820,820,820,820,820,820,820,820,820,820,820,820,820,820,820,820,820,820,820,820,820,820,820,820,820,820,820,820,
820,820,820,820,820,820,820,820,820,820,820,820,820,820,820,820,820,820,820,820,820,820,820,820,820,820,820,820,820,820,820,820,820,820,820,820,820,820,820,820,820,820,820,820,820,820,820,820,820,820,820,820,820,820,820,820,820,820,820,820,820,820,820,820,
820,820,820,820,820,820,820,820,820,820,820,820,820,820,820,820,820,820,820,820,820,820,820,820,820,820,820,820,820,820,820,820,820,820,820,820,820,820,820,820,820,820,820,820,820,820,820,820,820,820,820,820,820,820,820,820,820,820,820,820,820,820,820,820,
820,820,820,820,820,820,820,820,820,820,820,820,820,820,820,820,820,820,820,820,820,820,820,820,820,820,820,820,820,820,820,820,820,820,820,820,820,820,820,820,820,820,820,820,820,820,820,820,820,820,820,820,820,820,820,820,820,820,820,820,820,820,820,820,
820,820,820,820,820,820,820,820,820,820,820,820,820,820,820,820,820,820,820,820,820,820,820,820,820,820,820,820,820,820,820,820,820,820,820,820,820,820,820,820,820,820,820,820,820,820,820,820,820,820,820,820,820,820,820,820,820,820,820,820,820,820,820,820,
820,820,820,820,820,820,820,820,820,820,820,820,820,820,820,820,820,820,820,820,820,820,820,820,820,820,820,820,820,820,820,820,820,820,820,820,820,820,820,820,820,820,820,820,820,820,820,820,820,820,820,820,820,820,820,820,820,820,820,820,820,820,820,820,
820,820,820,820,820,820,820,820,820,820,820,820,820,820,820,820,820,820,820,820,820,820,820,820,820,820,820,820,820,820,820,820,820,820,820,820,820,820,820,820,820,820,820,820,820,820,820,820,820,820,820,820,820,820,820,820,820,820,820,820,820,820,820,820,
820,820,820,820,820,820,820,820,820,820,820,820,820,820,820,820,820,820,820,820,820,820,820,820,820,820,820,820,820,820,820,820,820,820,820,820,820,820,820,820,820,820,820,820,820,820,820,820,820,820,820,820,820,820,820,820,820,820,820,820,820,820,820,820,
820,820,820,820,820,820,820,820,820,820,820,820,820,820,820,820,820,820,820,820,820,820,820,820,820,820,820,820,820,820,820,820,820,820,820,820,820,820,820,820,820,820,820,820,820,820,820,820,820,820,820,820,820,820,820,820,820,820,820,820,820,820,820,820,
820,820,820,820,820,820,820,820,820,820,820,820,820,820,820,820,820,820,820,820,820,820,820,820,820,820,820,820,820,820,820,820,820,820,820,820,820,820,820,820,820,820,820,820,820,820,820,820,820,820,820,820,820,820,820,820,820,820,820,820,820,820,820,820,
820,820,820,820,820,820,820,820,820,820,820,820,820,820,820,820,820,820,820,820,820,820,820,820,820,820,820,820,820,820,820,820,820,820,820,820,820,820,820,820,820,820,820,820,820,820,820,820,820,820,820,820,820,820,820,820,820,820,820,820,820,820,820,820,
820,820,820,820,820,820,820,820,820,820,820,820,820,820,820,820,820,820,820,820,820,820,820,820,820,820,820,820,820,820,820,820,820,820,820,820,820,820,820,820,820,820,820,820,820,820,820,820,820,820,820,820,820,820,820,820,820,820,820,820,820,820,820,820,
820,820,820,820,820,820,820,820,820,820,820,820,820,820,820,820,820,820,820,820,820,820,820,820,820,820,820,820,820,820,820,820,820,820,820,820,820,820,820,820,820,820,820,820,820,820,820,820,820,820,820,820,820,820,820,820,820,820,820,820,820,820,820,820,
820,820,820,820,820,820,820,820,820,820,820,820,820,820,820,820,820,820,820,820,820,820,820,820,820,820,820,820,820,820,820,820,820,820,820,820,820,820,820,820,820,820,820,820,820,820,820,820,820,820,820,820,820,820,820,820,820,820,820,820,820,820,820,820,
820,820,820,820,820,820,820,820,820,820,820,820,820,820,820,820,820,820,820,820,820,820,820,820,820,820,820,820,820,820,820,820,820,820,820,820,820,820,820,820,820,820,820,820,820,820,820,820,820,820,820,820,820,820,820,820,820,820,820,820,820,820,820,820,
820,820,820,820,820,820,820,820,820,820,820,820,820,820,820,820,820,820,820,820,820,820,820,820,820,820,820,820,820,820,820,820,820,820,820,820,820,820,820,820,820,820,820,820,820,820,820,820,820,820,820,820,820,820,820,820,820,820,820,820,820,820,820,820,
820,820,820,820,820,820,820,820,820,820,820,820,820,820,820,820,820,820,820,820,820,820,820,820,820,820,820,820,820,820,820,820,820,820,820,820,820,820,820,820,820,820,820,820,820,820,820,820,820,820,820,820,820,820,820,820,820,820,820,820,820,820,820,820,
820,820,820,820,820,820,820,820,820,820,820,820,820,820,820,820,820,820,820,820,820,820,820,820,820,820,820,820,820,820,820,820,820,820,820,820,820,820,820,820,820,820,820,820,820,820,820,820,820,820,820,820,820,820,820,820,820,820,820,820,820,820,820,820,
820,820,820,820,820,820,820,820,820,820,820,820,820,820,820,820,820,820,820,820,820,820,820,820,820,820,820,820,820,820,820,820,820,820,820,820,820,820,820,820,820,820,820,820,820,820,820,820,820,820,820,820,820,820,820,820,820,820,820,820,820,820,820,820,
820,820,820,820,820,820,820,820,820,820,820,820,820,820,820,820,820,820,820,820,820,820,820,820,820,820,820,820,820,820,820,820,820,820,820,820,820,820,820,820,820,820,820,820,820,820,820,820,820,820,820,820,820,820,820,820,820,820,820,820,820,820,820,820,
820,820,820,820,820,820,820,820,820,820,820,820,820,820,820,820,820,820,820,820,820,820,820,820,820,820,820,820,820,820,820,820,820,820,820,820,820,820,820,820,820,820,820,820,820,820,820,820,820,820,820,820,820,820,820,820,820,820,820,820,820,820,820,820,
0,0,0,0,0,0,0,0,0,0,0,0,0,0,0,0,0,0,0,0,0,0,0,0,0,0,0,0,0,0,0,0,0,0,0,0,0,0,0,0,0,0,0,0,0,0,0,0,0,0,0,0,0,0,0,0,0,0,0,0,0,0,0,0,
0,0,0,0,0,0,0,0,0,0,0,0,0,0,0,0,0,0,0,0,0,0,0,0,0,0,0,0,0,0,0,0,0,0,0,0,0,0,0,0,0,0,0,0,0,0,0,0,0,0,0,0,0,0,0,0,0,0,0,0,0,0,0,0,
0,0,0,0,0,0,0,0,0,0,0,0,0,0,0,0,0,0,0,0,0,0,0,0,0,0,0,0,0,0,0,0,0,0,0,0,0,0,0,0,0,0,0,0,0,0,0,0,0,0,0,0,0,0,0,0,0,0,0,0,0,0,0,0,
0,0,0,0,0,0,0,0,0,0,0,0,0,0,0,0,0,0,0,0,0,0,0,0,0,0,0,0,0,0,0,0,0,0,0,0,0,0,0,0,0,0,0,0,0,0,0,0,0,0,0,0,0,0,0,0,0,0,0,0,0,0,0,0,
0,0,0,0,0,0,0,0,0,0,0,0,0,0,0,0,0,0,0,0,0,0,0,0,0,0,0,0,0,0,0,0,0,0,0,0,0,0,0,0,0,0,0,0,0,0,0,0,0,0,0,0,0,0,0,0,0,0,0,0,0,0,0,0,
0,0,0,0,0,0,0,0,0,0,0,0,0,0,0,0,0,0,0,0,0,0,0,0,0,0,0,0,0,0,0,0,0,0,0,0,0,0,0,0,0,0,0,0,0,0,0,0,0,0,0,0,0,0,0,0,0,0,0,0,0,0,0,0

[layer]
type=platformBG
data=
0,0,0,0,0,0,0,0,0,0,0,0,0,0,0,0,0,0,0,0,0,0,0,0,0,0,0,0,0,0,0,0,0,0,0,0,0,0,0,0,0,0,0,0,0,0,0,0,0,0,0,0,0,0,0,0,0,0,0,0,0,0,0,0,
0,0,0,0,0,0,0,0,0,0,0,0,0,0,0,0,0,0,0,0,0,0,0,0,0,0,0,0,0,0,0,0,0,0,0,0,0,0,0,0,0,0,0,0,0,0,0,0,0,0,0,0,0,0,0,0,0,0,0,0,0,0,0,0,
0,0,0,0,0,0,0,0,0,0,0,0,0,0,0,0,0,0,0,0,0,0,0,0,0,0,0,0,0,0,0,0,0,0,0,0,0,0,0,0,0,0,0,0,0,0,0,0,0,0,0,0,0,0,0,0,0,0,0,0,0,0,0,0,
0,0,0,0,0,0,0,0,0,0,0,0,0,0,0,0,0,0,0,0,0,0,0,0,0,0,0,0,0,0,0,0,0,0,0,0,0,0,0,0,0,0,0,0,0,0,0,0,0,0,0,0,0,0,0,0,0,0,0,0,0,0,0,0,
0,0,0,0,0,0,0,0,0,0,0,0,0,0,0,0,0,0,0,0,0,0,0,0,0,0,0,0,0,0,0,0,0,0,0,0,0,0,0,0,0,0,0,0,0,0,0,0,0,0,0,0,0,0,0,0,0,0,0,0,0,0,0,0,
0,0,0,0,0,0,0,0,0,0,0,0,0,0,0,0,0,0,0,0,0,0,0,0,0,0,0,0,0,0,0,0,0,0,0,0,0,0,0,0,0,0,0,0,0,0,0,0,0,0,0,0,0,0,0,0,0,0,0,0,0,0,0,0,
0,0,0,0,0,0,0,0,0,0,0,0,0,0,0,0,0,0,0,0,0,0,0,0,0,0,0,0,0,0,0,0,0,0,0,0,0,0,0,0,0,0,0,0,0,0,0,0,0,0,0,0,0,0,0,0,0,0,0,0,0,0,0,0,
0,0,0,0,0,0,0,0,0,0,0,0,0,0,0,0,0,0,0,0,0,0,0,0,0,0,0,0,0,0,0,0,0,0,0,0,0,0,0,0,0,0,0,0,0,0,0,0,0,0,0,0,0,0,0,0,0,0,0,0,0,0,0,0,
0,0,0,0,0,0,0,0,0,0,0,0,0,0,0,0,0,0,0,0,0,0,0,0,0,0,0,0,0,0,0,0,0,0,0,0,0,0,0,0,0,0,0,0,0,0,0,0,0,0,0,0,0,0,0,0,0,0,0,0,0,0,0,0,
0,0,0,0,0,0,0,0,0,0,0,0,0,0,0,0,0,0,0,0,0,0,0,0,0,0,0,0,0,0,0,0,0,0,0,0,0,0,0,0,0,0,0,0,0,0,0,0,0,0,0,0,0,0,0,0,0,0,0,0,0,0,0,0,
0,0,0,0,0,0,0,0,0,0,0,0,0,0,0,0,0,0,0,0,0,0,0,0,0,0,0,0,0,0,0,0,0,0,0,0,0,0,0,0,0,0,0,0,0,0,0,0,0,0,0,0,0,0,0,0,0,0,0,0,0,0,0,0,
0,0,0,0,0,0,0,0,0,0,0,0,0,0,0,0,0,0,0,0,0,0,0,0,0,0,0,0,0,0,0,0,0,0,0,0,0,0,0,0,0,0,0,0,0,0,0,0,0,0,0,0,0,0,0,0,0,0,0,0,0,0,0,0,
0,0,0,0,0,0,0,0,0,0,0,0,0,0,0,0,0,0,0,0,0,0,0,0,0,0,0,0,0,0,0,0,0,0,0,0,0,0,0,0,0,0,0,0,0,0,0,0,0,0,0,0,0,0,0,0,0,0,0,0,0,0,0,0,
0,0,0,0,0,0,0,0,0,0,0,0,0,0,0,0,0,0,0,0,0,0,0,0,0,0,0,0,0,0,0,0,0,0,0,0,0,0,0,0,0,0,0,0,0,0,0,0,0,0,0,0,0,0,0,0,0,0,0,0,0,0,0,0,
0,0,0,0,0,0,0,0,0,0,0,0,0,0,0,0,0,0,0,0,0,0,0,0,0,0,0,0,0,0,0,0,0,0,0,0,0,0,0,0,0,0,0,0,0,0,0,0,0,0,0,0,0,0,0,0,0,0,0,0,0,0,0,0,
0,0,0,0,0,0,0,0,0,0,0,0,0,0,0,0,0,0,0,0,0,0,0,0,0,0,0,0,0,0,0,0,0,0,0,0,0,0,0,0,0,0,0,0,0,0,0,0,0,0,0,0,0,0,0,0,0,0,0,0,0,0,0,0,
0,0,0,0,0,0,0,0,0,0,0,0,0,0,0,0,0,0,0,0,0,0,0,0,0,0,0,0,0,0,0,0,0,0,0,0,0,0,0,0,0,0,0,0,0,0,0,0,0,0,0,0,0,0,0,0,0,0,0,0,0,0,0,0,
0,0,0,0,0,0,0,0,0,0,0,0,0,0,0,0,0,0,0,0,0,0,0,0,0,0,0,0,0,0,0,0,0,0,0,0,0,0,0,0,0,0,0,0,0,0,0,0,0,0,0,0,0,0,0,0,0,0,0,0,0,0,0,0,
0,0,0,0,0,0,0,0,0,0,0,0,0,0,0,0,0,0,0,0,0,0,0,0,0,0,0,0,0,0,0,0,0,0,0,0,0,0,0,0,0,0,0,0,0,0,0,0,0,0,0,0,0,0,0,0,0,0,0,0,0,0,0,0,
0,0,0,0,0,0,0,0,0,0,0,0,0,0,0,0,0,0,0,0,0,0,0,0,0,0,0,0,0,0,0,0,0,0,0,0,0,0,0,0,0,0,0,0,0,0,0,0,0,0,0,0,0,0,0,0,0,0,0,0,0,0,0,0,
0,0,0,0,0,0,0,0,0,0,0,0,0,0,0,0,0,0,0,0,0,0,0,0,0,0,0,0,0,0,0,0,0,0,0,0,0,0,0,0,0,0,0,0,0,0,0,0,0,0,0,0,0,0,0,0,0,0,0,0,0,0,0,0,
0,0,0,0,0,0,0,0,0,0,0,0,0,0,0,0,0,0,0,0,0,0,0,0,0,0,0,0,0,0,0,0,0,0,0,0,0,0,0,0,333,333,333,333,333,333,333,333,333,0,0,0,0,0,0,0,0,0,0,0,0,0,0,0,
0,0,0,0,0,0,0,0,0,0,0,0,0,0,0,0,0,0,0,0,0,0,0,0,0,0,0,0,0,0,273,273,273,273,273,273,273,273,273,273,333,333,333,333,333,333,333,333,333,0,0,0,0,0,0,0,0,0,0,0,0,0,0,0,
0,0,0,0,0,0,0,0,0,0,0,0,0,0,0,0,0,0,0,0,153,153,153,153,153,153,153,153,153,153,273,273,273,273,273,273,273,273,273,273,333,333,333,333,333,333,333,333,333,0,0,0,0,0,0,0,0,0,0,0,0,0,0,0,
0,0,0,0,0,0,0,0,0,0,93,93,93,93,93,93,93,93,93,93,153,33,33,33,33,33,33,33,33,153,273,273,273,273,273,273,273,273,273,273,333,333,333,333,333,335,335,335,335,0,0,0,0,0,0,0,0,0,0,0,0,0,0,0,
33,33,33,33,33,33,33,33,33,33,93,93,93,93,93,93,93,93,93,93,153,153,153,153,153,153,153,153,153,153,273,273,273,273,273,273,273,273,273,273,333,333,333,333,333,333,333,333,333,0,0,0,0,0,0,0,0,0,0,0,0,0,0,0,
153,153,153,153,153,153,153,153,153,153,213,213,213,213,213,213,213,213,213,213,153,153,153,153,153,153,153,153,153,153,273,273,273,273,273,273,273,273,273,273,333,333,333,333,333,333,333,333,333,333,0,0,0,0,0,0,0,0,0,0,0,0,0,0,
153,153,153,153,153,153,153,153,153,153,213,213,213,213,213,213,213,213,213,213,153,153,153,153,153,153,153,153,153,153,273,273,273,273,273,273,273,273,273,273,333,333,333,333,333,333,333,333,333,333,153,153,153,153,153,153,153,153,153,153,153,153,153,153,
153,153,153,153,153,153,153,153,153,153,213,213,213,213,213,213,213,213,213,213,153,153,153,153,153,153,153,153,153,153,273,273,273,273,273,273,273,273,273,273,333,333,333,333,333,333,333,333,333,333,153,153,153,153,153,153,153,153,153,153,153,153,153,153,
153,153,153,153,153,153,153,153,153,153,213,213,213,213,213,213,213,213,213,213,153,153,153,153,153,153,153,153,153,153,273,273,273,273,273,273,273,273,273,273,333,333,333,333,333,333,333,333,333,333,153,153,153,153,153,153,153,153,153,153,153,153,153,153,
153,153,153,153,153,153,153,153,153,153,213,213,213,213,213,213,213,213,213,213,153,153,153,153,153,153,153,153,153,153,273,273,273,273,273,273,273,273,273,273,333,333,333,333,333,333,333,333,333,333,153,153,153,153,153,153,153,153,153,153,153,153,153,153,
153,153,153,153,153,153,153,153,153,153,213,213,213,213,213,213,213,213,213,213,153,153,153,153,153,153,153,153,153,153,273,273,273,273,273,273,273,273,273,273,333,333,333,333,333,333,333,333,333,333,153,153,153,153,153,153,153,153,153,153,153,153,153,153

[platforms]
type=block
location=20,23,1,1

[platforms]
type=block
location=21,23,1,1

[platforms]
type=block
location=22,23,1,1

[platforms]
type=block
location=23,23,1,1

[platforms]
type=block
location=25,23,1,1

[platforms]
type=block
location=24,23,1,1

[platforms]
type=block
location=26,23,1,1

[platforms]
type=block
location=28,23,1,1

[platforms]
type=block
location=27,23,1,1

[platforms]
type=block
location=29,23,1,1

[platforms]
type=block
location=10,24,1,1

[platforms]
type=block
location=11,24,1,1

[platforms]
type=block
location=12,24,1,1

[platforms]
type=block
location=13,24,1,1

[platforms]
type=block
location=14,24,1,1

[platforms]
type=block
location=15,24,1,1

[platforms]
type=block
location=16,24,1,1

[platforms]
type=block
location=17,24,1,1

[platforms]
type=block
location=18,24,1,1

[platforms]
type=block
location=19,24,1,1

[platforms]
type=block
location=31,22,1,1

[platforms]
type=block
location=30,22,1,1

[platforms]
type=block
location=32,22,1,1

[platforms]
type=block
location=33,22,1,1

[platforms]
type=block
location=34,22,1,1

[platforms]
type=block
location=35,22,1,1

[platforms]
type=block
location=36,22,1,1

[platforms]
type=block
location=38,22,1,1

[platforms]
type=block
location=37,22,1,1

[platforms]
type=block
location=39,22,1,1

[platforms]
type=block
location=40,21,1,1

[platforms]
type=block
location=41,21,1,1

[platforms]
type=block
location=42,21,1,1

[platforms]
type=block
location=43,21,1,1

[platforms]
type=block
location=47,21,1,1

[platforms]
type=block
location=44,21,1,1

[platforms]
type=block
location=45,21,1,1

[platforms]
type=block
location=46,21,1,1

[platforms]
type=block
location=48,21,1,1

[platforms]
type=block
location=49,21,1,1

[platforms]
type=block
location=41,19,1,1

[platforms]
type=block
location=41,18,1,1

[platforms]
type=block
location=42,18,1,1

[platforms]
type=block
location=42,19,1,1

[platforms]
type=block
location=43,19,1,1

[platforms]
type=block
location=44,19,1,1

[platforms]
type=block
location=41,17,1,1

[platforms]
type=block
location=42,17,1,1

[platforms]
type=block
location=21,19,1,1

[platforms]
type=block
location=22,19,1,1

[platforms]
type=block
location=23,19,1,1

[platforms]
type=block
location=24,19,1,1

[platforms]
type=block
location=25,19,1,1

[platforms]
type=block
location=26,19,1,1

[platforms]
type=block
location=27,19,1,1

[platforms]
type=block
location=28,19,1,1

[platforms]
type=block
location=11,20,1,1

[platforms]
type=block
location=12,20,1,1

[platforms]
type=block
location=13,20,1,1

[platforms]
type=block
location=14,20,1,1

[platforms]
type=block
location=15,20,1,1

[platforms]
type=block
location=16,20,1,1

[platforms]
type=block
location=17,20,1,1

[platforms]
type=block
location=18,20,1,1

[platforms]
type=block
location=1,21,1,1

[platforms]
type=block
location=2,21,1,1

[platforms]
type=block
location=3,21,1,1

[platforms]
type=block
location=4,21,1,1

[platforms]
type=block
location=5,21,1,1

[platforms]
type=block
location=6,21,1,1

[platforms]
type=block
location=7,21,1,1

[platforms]
type=block
location=8,21,1,1

[platforms]
type=block
location=12,8,1,1

[platforms]
type=block
location=15,8,1,1

[platforms]
type=block
location=18,9,1,1

[platforms]
type=block
location=19,9,1,1

[platforms]
type=block
location=20,9,1,1

[platforms]
type=block
location=31,18,1,1

[platforms]
type=block
location=32,18,1,1

[platforms]
type=block
location=33,18,1,1

[platforms]
type=block
location=36,18,1,1

[platforms]
type=block
location=37,18,1,1

[platforms]
type=block
location=38,18,1,1

[platforms]
type=block
location=32,12,1,1

[platforms]
type=block
location=33,12,1,1

[platforms]
type=block
location=34,12,1,1

[platforms]
type=block
location=37,13,1,1

[platforms]
type=block
location=38,13,1,1

[platforms]
type=block
location=41,13,1,1

[platforms]
type=block
location=42,13,1,1

[platforms]
type=block
location=43,13,1,1

[platforms]
type=block
location=44,15,1,1

[platforms]
type=block
location=45,15,1,1

[platforms]
type=block
location=46,15,1,1

[platforms]
type=block
location=47,15,1,1

[platforms]
type=block
location=48,15,1,1

[platforms]
type=block
location=1,4,1,1

[platforms]
type=block
location=3,5,1,1

[platforms]
type=block
location=5,6,1,1

[platforms]
type=block
location=7,7,1,1

[platforms]
type=block
location=9,8,1,1

[platforms]
type=block
location=0,25,1,1

[platforms]
type=block
location=1,25,1,1

[platforms]
type=block
location=2,25,1,1

[platforms]
type=block
location=3,25,1,1

[platforms]
type=block
location=4,25,1,1

[platforms]
type=block
location=5,25,1,1

[platforms]
type=block
location=6,25,1,1

[platforms]
type=block
location=7,25,1,1

[platforms]
type=block
location=8,25,1,1

[platforms]
type=block
location=9,25,1,1

[platforms]
type=block
location=23,10,1,1

[platforms]
type=block
location=24,10,1,1

[platforms]
type=block
location=27,11,1,1

[platforms]
type=block
location=28,11,1,1

[platforms]
type=block
location=29,11,1,1

[platforms]
type=block
location=15,23,1,1

[platforms]
type=block
location=16,23,1,1

[platforms]
type=block
location=17,23,1,1

[platforms]
type=block
location=50,27,1,1

[platforms]
type=block
location=51,27,1,1

[platforms]
type=block
location=56,27,1,1

[platforms]
type=block
location=52,27,1,1

[platforms]
type=block
location=54,27,1,1

[platforms]
type=block
location=55,27,1,1

[platforms]
type=block
location=53,27,1,1

[platforms]
type=block
location=58,27,1,1

[platforms]
type=block
location=57,27,1,1

[platforms]
type=block
location=60,27,1,1

[platforms]
type=block
location=59,27,1,1

[platforms]
type=block
location=62,27,1,1

[platforms]
type=block
location=61,27,1,1

[platforms]
type=block
location=63,27,1,1

[platforms]
type=block
location=52,25,1,1

[platforms]
type=block
location=55,24,1,1

[platforms]
type=block
location=58,23,1,1

[platforms]
type=block
location=61,22,1,1

[platforms]
type=block
location=62,21,1,1

[platforms]
type=block
location=63,20,1,1

[platforms]
type=block
location=61,19,1,1

[platforms]
type=block
location=59,18,1,1

[platforms]
type=block
location=57,17,1,1

[platforms]
type=block
location=55,17,1,1

[platforms]
type=block
location=53,17,1,1

[platforms]
type=block
location=51,17,1,1

[platforms]
type=block
location=49,16,1,1

[platforms]
type=block
location=49,22,1,1

[platforms]
type=block
location=49,23,1,1

[platforms]
type=block
location=49,24,1,1

[platforms]
type=block
location=49,24,1,1

[platforms]
type=block
location=49,25,1,1

[platforms]
type=block
location=49,26,1,1

[platforms]
type=block
location=54,15,1,1

[platforms]
type=block
location=56,14,1,1

[platforms]
type=block
location=58,13,1,1

[platforms]
type=block
location=60,13,1,1

[platforms]
type=block
location=62,12,1,1

[platforms]
type=block
location=63,11,1,1

[platforms]
type=block
location=61,10,1,1

[platforms]
type=block
location=59,9,1,1

[platforms]
type=block
location=57,8,1,1

[platforms]
type=block
location=55,8,1,1

[platforms]
type=block
location=53,8,1,1

[checkpoints]
# cp1
type=checkpoints
location=1,20,1,1

[checkpoints]
# cp6
type=checkpoints
location=1,3,1,1

[checkpoints]
# cp5
type=checkpoints
location=27,10,1,1

[checkpoints]
# cp2
type=checkpoints
location=41,16,1,1

[checkpoints]
# cp4
type=checkpoints
location=53,7,1,1

[checkpoints]
# cp3
type=checkpoints
location=60,26,1,1

